RO_NO   BPR_TPN     BOOK_STOCK_QTY
------- ----------- --------------
  5014.    4243943.          55.00
  5014.    4243994.          66.00
  5014.    4244001.          46.00
  5014.    4244028.          28.00
  5014.    4244044.          28.00
  5014.    4244052.          18.00
  5014.    4244117.          17.00
  5014.    4244176.          14.00
  5014.    4244184.           4.00
  5014.    4244192.           7.00
  5014.    4244206.           0.00
  5014.    4244222.           7.00
  5014.    4244338.          29.00
  5014.    4244354.          16.00
  5014.    4244362.          27.00
  5014.    4244370.          19.00
  5014.    4244397.          87.00
  5014.    4244427.          26.00
  5014.    4244583.          12.00
  5014.    4244591.          15.00
  5014.    4244613.           9.00
  5014.    4244842.           0.00
  5014.    4244907.          10.00
  5014.    4244923.           0.00
  5014.    4245172.          40.00
  5014.    4245199.           0.00
  5014.    4246098.          14.00
  5014.    4246101.          46.00
  5014.    4246144.          12.00
  5014.    4246152.          20.00
  5014.    4246632.        1968.00
  5014.    4247299.         256.00
  5014.    4247302.         115.00
  5014.    4247329.          69.00
  5014.    4247353.          53.00
  5014.    4247388.           6.00
  5014.    4247531.           2.00
  5014.    4247612.           3.00
  5014.    4247620.           3.00
  5014.    4247671.           2.00
  5014.    4247744.           5.00
  5014.    4247809.          17.00
  5014.    4247876.          14.00
  5014.    4247892.           7.00
  5014.    4249518.          59.00
  5014.    4252683.           5.00
  5014.    4252705.          11.00
  5014.    4253663.           4.00
  5014.    4253698.           0.00
  5014.    4253728.           4.00
  5014.    4253809.           0.00
  5014.    4253876.           0.00
  5014.    4256131.          18.00
  5014.    4256158.          23.00
  5014.    4256166.          14.00
  5014.    4256174.          19.00
  5014.    4258126.           0.00
  5014.    4258576.          79.00
  5014.    4259815.           1.00
  5014.    4259882.           2.00
  5014.    4260465.          17.00
  5014.    4260996.           6.00
  5014.    4261003.           4.00
  5014.    4261011.          10.00
  5014.    4261038.           8.00
  5014.    4261216.         719.00
  5014.    4261224.           3.00
  5014.    4261291.         417.00
  5014.    4261534.           5.00
  5014.    4263669.           0.00
  5014.    4263677.           0.00
  5014.    4263685.           0.00
  5014.    4265092.          23.00
  5014.    4265572.         210.00
  5014.    4265823.           0.00
  5014.    4266609.          25.00
  5014.    4267230.          30.00
  5014.    4267249.          26.00
  5014.    4268598.           0.00
  5014.    4269276.           0.00
  5014.    4269497.           0.00
  5014.    4269519.           0.00
  5014.    4269616.           1.00
  5014.    4269748.           0.00
  5014.    4269810.           0.00
  5014.    4269837.           0.00
  5014.    4269845.           0.00
  5014.    4269918.           0.00
  5014.    4269942.          23.00
  5014.    4269969.          72.00
  5014.    4273036.         316.00
  5014.    4273117.          33.00
  5014.    4275519.           0.00
  5014.    4275586.           0.00
  5014.    4275616.           0.00
  5014.    4275640.           0.00
  5014.    4275705.           0.00
  5014.    4275713.           0.00
  5014.    4275721.           0.00
  5014.    4275772.           0.00
  5014.    4275780.           0.00
  5014.    4276140.         134.00
  5014.    4276418.           2.00
  5014.    4276825.           0.00
  5014.    4276833.           0.00
  5014.    4276841.           0.00
  5014.    4276868.           0.00
  5014.    4276876.           0.00
  5014.    4276884.           0.00
  5014.    4278666.          24.00
  5014.    4278712.          28.00
  5014.    4278720.           8.00
  5014.    4278755.           3.00
  5014.    4278771.          32.00
  5014.    4279654.          13.00
  5014.    4279670.          71.00
  5014.    4279719.           6.00
  5014.    4279727.           7.00
  5014.    4279735.           8.00
  5014.    4279743.          12.00
  5014.    4279778.           9.00
  5014.    4279786.          20.00
  5014.    4280229.          30.00
  5014.    4280415.          29.00
  5014.    4280555.          47.00
  5014.    4281128.           0.00
  5014.    4281373.          15.00
  5014.    4281616.           6.00
  5014.    4281675.           6.00
  5014.    4282353.          32.00
  5014.    4282612.           4.00
  5014.    4282620.           0.00
  5014.    4282647.           0.00
  5014.    4282655.           0.00
  5014.    4282663.           0.00
  5014.    4282701.           0.00
  5014.    4282728.           0.00
  5014.    4282744.           0.00
  5014.    4282795.           0.00
  5014.    4283120.           4.00
  5014.    4283139.           3.00
  5014.    4283147.           4.00
  5014.    4283155.           5.00
  5014.    4283341.          25.00
  5014.    4283368.          24.00
  5014.    4283392.          13.00
  5014.    4283457.         188.00
  5014.    4283465.          36.00
  5014.    4283473.         823.00
  5014.    4283503.         746.00
  5014.    4283511.           7.00
  5014.    4283538.          13.00
  5014.    4283546.          13.00
  5014.    4283562.           7.00
  5014.    4284003.           9.00
  5014.    4284011.           3.00
  5014.    4284070.          50.00
  5014.    4284089.          23.00
  5014.    4284097.          43.00
  5014.    4284100.          12.00
  5014.    4284186.           5.00
  5014.    4284224.          23.00
  5014.    4284232.           3.00
  5014.    4284240.           4.00
  5014.    4284259.          43.00
  5014.    4284267.          13.00
  5014.    4284275.          67.00
  5014.    4284283.          20.00
  5014.    4284291.          10.00
  5014.    4284305.           3.00
  5014.    4284380.           2.00
  5014.    4284402.           0.00
  5014.    4284437.           8.00
  5014.    4284569.         200.00
  5014.    4284631.           4.00
  5014.    4284712.          14.00
  5014.    4284836.          10.00
  5014.    4284860.           4.00
  5014.    4284895.           8.00
  5014.    4284968.           0.00
  5014.    4285042.           0.00
  5014.    4285417.          17.00
  5014.    4285425.          23.00
  5014.    4285468.          80.00
  5014.    4285530.           0.00
  5014.    4285638.           0.00
  5014.    4285646.           0.00
  5014.    4285654.           0.00
  5014.    4286359.           6.00
  5014.    4286367.          24.00
  5014.    4286383.           5.00
  5014.    4286499.           0.00
  5014.    4286588.           5.00
  5014.    4286790.          14.00
  5014.    4286820.           8.00
  5014.    4287002.          44.00
  5014.    4287355.           3.00
  5014.    4287401.           5.00
  5014.    4287428.           9.00
  5014.    4287487.           8.00
  5014.    4287576.          14.00
  5014.    4287584.          12.00
  5014.    4287592.           0.00
  5014.    4287606.           0.00
  5014.    4287614.           0.00
  5014.    4287622.           0.00
  5014.    4287665.          14.00
  5014.    4288173.          12.00
  5014.    4288696.          19.00
  5014.    4288734.           8.00
  5014.    4288742.          13.00
  5014.    4288750.          29.00
  5014.    4290674.          23.00
  5014.    4291042.          10.00
  5014.    4291050.           7.00
  5014.    4291077.           0.00
  5014.    4291085.           0.00
  5014.    4291123.           0.00
  5014.    4291131.           0.00
  5014.    4291182.          12.00
  5014.    4291190.          23.00
  5014.    4291204.           2.00
  5014.    4291395.         961.00
  5014.    4291433.         808.00
  5014.    4291476.           0.00
  5014.    4291506.         285.00
  5014.    4293347.           0.00
  5014.    4293363.         144.00
  5014.    4293371.          90.00
  5014.    4293428.           0.00
  5014.    4293487.           0.00
  5014.    4293509.           0.00
  5014.    4293568.          20.00
  5014.    4293908.           4.00
  5014.    4294033.           4.00
  5014.    4294076.           2.00
  5014.    4295951.         140.00
  5014.    4297490.           0.00
  5014.    4301765.           0.00
  5014.    4301781.          12.00
  5014.    4301803.          11.00
  5014.    4301811.          28.00
  5014.    4301838.           7.00
  5014.    4301927.           3.00
  5014.    4301935.           0.00
  5014.    4302109.           1.00
  5014.    4302141.          70.00
  5014.    4302168.          30.00
  5014.    4302176.          58.00
  5014.    4302184.          44.00
  5014.    4302397.          23.00
  5014.    4303911.           1.00
  5014.    4304063.           5.00
  5014.    4304209.           9.00
  5014.    4304802.           7.00
  5014.    4304810.           8.00
  5014.    4304829.           2.00
  5014.    4304845.           7.00
  5014.    4304896.          32.00
  5014.    4305159.           0.00
  5014.    4305175.           8.00
  5014.    4305248.           6.00
  5014.    4305566.           4.00
  5014.    4305574.          11.00
  5014.    4305639.           6.00
  5014.    4305698.          35.00
  5014.    4305809.           7.00
  5014.    4306007.          64.00
  5014.    4306015.           0.00
  5014.    4306058.          10.00
  5014.    4306082.           7.00
  5014.    4306090.          25.00
  5014.    4306112.           7.00
  5014.    4306120.          12.00
  5014.    4306406.           0.00
  5014.    4307100.           4.00
  5014.    4307135.          10.00
  5014.    4307143.          10.00
  5014.    4307151.          10.00
  5014.    4307178.           4.00
  5014.    4307305.          11.00
  5014.    4308530.          11.00
  5014.    4308549.          13.00
  5014.    4308565.           0.00
  5014.    4308573.           0.00
  5014.    4308581.           0.00
  5014.    4312023.           4.00
  5014.    4312074.           0.00
  5014.    4312139.          10.00
  5014.    4312163.           0.00
  5014.    4312244.           0.00
  5014.    4312252.           0.00
  5014.    4312287.           0.00
  5014.    4312295.           0.00
  5014.    4312309.           0.00
  5014.    4312317.           0.00
  5014.    4312503.          22.00
  5014.    4312511.          10.00
  5014.    4312864.          32.00
  5014.    4312899.           8.00
  5014.    4312902.           0.00
  5014.    4312937.          50.00
  5014.    4312945.          32.00
  5014.    4313216.           9.00
  5014.    4313348.           0.00
  5014.    4313453.           0.00
  5014.    4313682.           6.00
  5014.    4313690.           2.00
  5014.    4313712.           6.00
  5014.    4314719.          17.00
  5014.    4315782.          29.00
  5014.    4315804.          79.00
  5014.    4317556.           0.00
  5014.    4317564.           0.00
  5014.    4317815.           6.00
  5014.    4317823.           8.00
  5014.    4317912.           8.00
  5014.    4319966.           7.00
  5014.    4319982.           4.00
  5014.    4320018.           8.00
  5014.    4320026.          30.00
  5014.    4320174.          29.00
  5014.    4320239.           9.00
  5014.    4320492.          10.00
  5014.    4320514.           5.00
  5014.    4320921.          19.00
  5014.    4321030.           0.00
  5014.    4321782.         114.00
  5014.    4322118.           0.00
  5014.    4322177.          24.00
  5014.    4322185.          19.00
  5014.    4322193.           0.00
  5014.    4322312.          14.00
  5014.    4322320.           0.00
  5014.    4322460.           0.00
  5014.    4322681.          23.00
  5014.    4322835.          33.00
  5014.    4322843.          20.00
  5014.    4322940.          21.00
  5014.    4323408.           0.00
  5014.    4324102.           0.00
  5014.    4324110.           0.00
  5014.    4324129.           0.00
  5014.    4324137.           0.00
  5014.    4324145.           0.00
  5014.    4324153.           0.00
  5014.    4324161.           0.00
  5014.    4324188.           0.00
  5014.    4324196.           0.00
  5014.    4324218.           0.00
  5014.    4324234.          32.00
  5014.    4324595.          24.00
  5014.    4324625.           0.00
  5014.    4324692.           5.00
  5014.    4324765.           5.00
  5014.    4324803.          16.00
  5014.    4324811.          14.00
  5014.    4324838.          11.00
  5014.    4324889.           5.00
  5014.    4325850.           2.00
  5014.    4327330.          13.00
  5014.    4327365.           1.00
  5014.    4327594.          50.00
  5014.    4327683.           8.00
  5014.    4327748.           0.00
  5014.    4327772.           1.00
  5014.    4327799.          36.00
  5014.    4327829.          26.00
  5014.    4327888.          18.00
  5014.    4327985.          48.00
  5014.    4328000.          39.00
  5014.    4328035.          39.00
  5014.    4328051.          26.00
  5014.    4328086.          23.00
  5014.    4328159.           0.00
  5014.    4328418.           9.00
  5014.    4328442.           8.00
  5014.    4328469.          28.00
  5014.    4328809.          81.00
  5014.    4328922.          18.00
  5014.    4329341.          12.00
  5014.    4329376.           6.00
  5014.    4329384.           8.00
  5014.    4329392.          13.00
  5014.    4329414.          20.00
  5014.    4329422.           9.00
  5014.    4329732.          18.00
  5014.    4329910.           6.00
  5014.    4329929.          12.00
  5014.    4329937.           1.00
  5014.    4329945.           3.00
  5014.    4329953.           3.00
  5014.    4329961.           0.00
  5014.    4329996.          21.00
  5014.    4330013.           4.00
  5014.    4330021.           4.00
  5014.    4330048.           4.00
  5014.    4330056.           3.00
  5014.    4330064.           0.00
  5014.    4330072.           8.00
  5014.    4330102.           4.00
  5014.    4330110.           3.00
  5014.    4330129.           7.00
  5014.    4330137.           0.00
  5014.    4330145.           5.00
  5014.    4330188.          10.00
  5014.    4330196.           4.00
  5014.    4330218.           6.00
  5014.    4330226.           0.00
  5014.    4330242.           4.00
  5014.    4330250.           6.00
  5014.    4330269.           4.00
  5014.    4330277.           2.00
  5014.    4330285.           0.00
  5014.    4330293.           5.00
  5014.    4330323.           7.00
  5014.    4330331.           7.00
  5014.    4330358.           4.00
  5014.    4330366.           0.00
  5014.    4330471.          36.00
  5014.    4330714.           0.00
  5014.    4332288.          12.00
  5014.    4332555.          20.00
  5014.    4332601.          12.00
  5014.    4332997.           5.00
  5014.    4333055.           5.00
  5014.    4333128.           3.00
  5014.    4333209.           0.00
  5014.    4333217.           0.00
  5014.    4333225.           0.00
  5014.    4333233.           0.00
  5014.    4333241.           0.00
  5014.    4333268.           0.00
  5014.    4333276.           0.00
  5014.    4333993.          11.00
  5014.    4334310.           7.00
  5014.    4335457.           0.00
  5014.    4335589.           4.00
  5014.    4337182.           0.00
  5014.    4338707.         612.00
  5014.    4339541.         103.00
  5014.    4342976.         126.00
  5014.    4346955.          16.00
  5014.    4346963.           0.00
  5014.    4346998.           2.00
  5014.    4347005.           0.00
  5014.    4347021.           0.00
  5014.    4347226.          34.00
  5014.    4347234.           0.00
  5014.    4347331.           0.00
  5014.    4347358.           0.00
  5014.    4347366.           4.00
  5014.    4348508.           0.00
  5014.    4349911.          11.00
  5014.    4349938.          24.00
  5014.    4350154.           0.00
  5014.    4350197.           0.00
  5014.    4351002.           0.00
  5014.    4351037.           0.00
  5014.    4351045.           0.00
  5014.    4351053.           0.00
  5014.    4351061.           0.00
  5014.    4351088.           0.00
  5014.    4351096.           0.00
  5014.    4356314.           0.00
  5014.    4356411.           0.00
  5014.    4356519.           0.00
  5014.    4356594.           0.00
  5014.    4356608.           0.00
  5014.    4356675.           0.00
  5014.    4356683.           0.00
  5014.    4356756.           0.00
  5014.    4356764.           0.00
  5014.    4356810.           0.00
  5014.    4357515.           8.00
  5014.    4357523.           4.00
  5014.    4357531.           6.00
  5014.    4357566.          11.00
  5014.    4357574.           3.00
  5014.    4357582.          32.00
  5014.    4357620.          40.00
  5014.    4357647.          22.00
  5014.    4357736.          46.00
  5014.    4357809.          30.00
  5014.    4358708.          16.00
  5014.    4358929.          28.00
  5014.    4358953.           0.00
  5014.    4358996.          37.00
  5014.    4359038.          11.00
  5014.    4359062.           2.00
  5014.    4359089.           7.00
  5014.    4359097.           5.00
  5014.    4359100.           4.00
  5014.    4359119.         142.00
  5014.    4359127.           1.00
  5014.    4359135.          11.00
  5014.    4359143.           3.00
  5014.    4359372.           0.00
  5014.    4359380.          14.00
  5014.    4360095.           3.00
  5014.    4360265.           5.00
  5014.    4360338.           3.00
  5014.    4360346.           7.00
  5014.    4360540.           7.00
  5014.    4360893.           4.00
  5014.    4361172.           3.00
  5014.    4361237.          17.00
  5014.    4361318.           6.00
  5014.    4361490.           8.00
  5014.    4361504.          12.00
  5014.    4361555.           5.00
  5014.    4361598.           6.00
  5014.    4361601.           6.00
  5014.    4361636.           0.00
  5014.    4361652.           0.00
  5014.    4361660.           7.00
  5014.    4361687.           0.00
  5014.    4361741.          15.00
  5014.    4361768.          24.00
  5014.    4361776.           6.00
  5014.    4361784.          43.00
  5014.    4361792.           0.00
  5014.    4361806.           0.00
  5014.    4361814.           6.00
  5014.    4361849.           6.00
  5014.    4361873.           9.00
  5014.    4361911.           6.00
  5014.    4361946.           3.00
  5014.    4361954.           9.00
  5014.    4361962.           5.00
  5014.    4362187.           6.00
  5014.    4362780.           4.00
  5014.    4362845.           0.00
  5014.    4362934.           8.00
  5014.    4363760.           4.00
  5014.    4363779.          23.00
  5014.    4363795.           5.00
  5014.    4365267.          23.00
  5014.    4366387.          11.00
  5014.    4366778.           6.00
  5014.    4367405.          13.00
  5014.    4367553.           6.00
  5014.    4368401.          16.00
  5014.    4368460.          65.00
  5014.    4368533.          83.00
  5014.    4369475.          12.00
  5014.    4369637.           5.00
  5014.    4369688.          40.00
  5014.    4369718.           8.00
  5014.    4369734.           9.00
  5014.    4369920.           5.00
  5014.    4369939.           6.00
  5014.    4370007.          24.00
  5014.    4370031.           1.00
  5014.    4370066.          13.00
  5014.    4370279.           6.00
  5014.    4370287.           0.00
  5014.    4370325.           7.00
  5014.    4370384.           3.00
  5014.    4370392.          10.00
  5014.    4370422.           8.00
  5014.    4370457.           4.00
  5014.    4371712.           6.00
  5014.    4371720.           7.00
  5014.    4371739.           5.00
  5014.    4371747.           7.00
  5014.    4371755.           6.00
  5014.    4371771.           7.00
  5014.    4371798.           4.00
  5014.    4371801.           3.00
  5014.    4371836.           6.00
  5014.    4371844.           3.00
  5014.    4371887.          18.00
  5014.    4372018.          12.00
  5014.    4372077.          21.00
  5014.    4372085.          18.00
  5014.    4372336.          11.00
  5014.    4372751.           0.00
  5014.    4372808.           5.00
  5014.    4372832.           8.00
  5014.    4372840.           6.00
  5014.    4373758.         142.00
  5014.    4373847.          10.00
  5014.    4373863.          30.00
  5014.    4373960.           8.00
  5014.    4373979.           0.00
  5014.    4373995.           0.00
  5014.    4374940.           3.00
  5014.    4375858.          67.00
  5014.    4375866.          49.00
  5014.    4376455.         150.00
  5014.    4376625.           7.00
  5014.    4377931.          23.00
  5014.    4377958.           9.00
  5014.    4377966.          17.00
  5014.    4377974.          14.00
  5014.    4379306.           0.00
  5014.    4379330.           0.00
  5014.    4379411.           0.00
  5014.    4379462.           0.00
  5014.    4379527.           9.00
  5014.    4379748.           0.00
  5014.    4379756.           0.00
  5014.    4379837.           0.00
  5014.    4379918.           0.00
  5014.    4379993.           0.00
  5014.    4380169.           0.00
  5014.    4380177.           0.00
  5014.    4380606.           8.00
  5014.    4380622.          19.00
  5014.    4380886.           0.00
  5014.    4380908.           0.00
  5014.    4380916.           0.00
  5014.    4380924.           0.00
  5014.    4380932.           0.00
  5014.    4380940.           0.00
  5014.    4380959.           0.00
  5014.    4380967.           0.00
  5014.    4380975.           0.00
  5014.    4380983.           0.00
  5014.    4381041.           0.00
  5014.    4381068.           0.00
  5014.    4381076.           0.00
  5014.    4381084.           0.00
  5014.    4381092.           0.00
  5014.    4381106.           0.00
  5014.    4381114.           0.00
  5014.    4381122.           0.00
  5014.    4381130.           0.00
  5014.    4381149.           0.00
  5014.    4381157.           0.00
  5014.    4381165.           0.00
  5014.    4381173.           0.00
  5014.    4381181.           0.00
  5014.    4381203.           0.00
  5014.    4381270.           0.00
  5014.    4381289.           0.00
  5014.    4381300.           0.00
  5014.    4381378.           9.00
  5014.    4381483.           0.00
  5014.    4381513.           0.00
  5014.    4381521.           0.00
  5014.    4381556.           0.00
  5014.    4381599.           0.00
  5014.    4382315.          38.00
  5014.    4382323.           4.00
  5014.    4382331.          16.00
  5014.    4382358.          11.00
  5014.    4383249.          42.00
  5014.    4383273.           0.00
  5014.    4387287.           6.00
  5014.    4387538.           4.00
  5014.    4388267.           0.00
  5014.    4388690.           0.00
  5014.    4388798.           0.00
  5014.    4388801.           0.00
  5014.    4388828.           0.00
  5014.    4388836.           0.00
  5014.    4388844.           0.00
  5014.    4388917.           0.00
  5014.    4388925.           0.00
  5014.    4388933.           0.00
  5014.    4388941.           0.00
  5014.    4388968.           0.00
  5014.    4388976.           0.00
  5014.    4388984.           0.00
  5014.    4388992.           0.00
  5014.    4389018.           0.00
  5014.    4389093.           7.00
  5014.    4389107.           7.00
  5014.    4389166.           0.00
  5014.    4389557.           8.00
  5014.    4389735.          16.00
  5014.    4389743.           5.00
  5014.    4389751.           5.00
  5014.    4389778.           5.00
  5014.    4389786.           5.00
  5014.    4390067.           0.00
  5014.    4390164.           0.00
  5014.    4390172.           0.00
  5014.    4390180.           0.00
  5014.    4390199.           0.00
  5014.    4390202.           0.00
  5014.    4390288.           0.00
  5014.    4390296.           0.00
  5014.    4390318.           0.00
  5014.    4390326.           0.00
  5014.    4390334.           4.00
  5014.    4391152.           3.00
  5014.    4392604.          26.00
  5014.    4392914.           0.00
  5014.    4392957.           8.00
  5014.    4392965.          29.00
  5014.    4395093.           7.00
  5014.    4395239.           0.00
  5014.    4396294.          16.00
  5014.    4400542.           2.00
  5014.    4400569.           0.00
  5014.    4400585.          38.00
  5014.    4402731.           5.00
  5014.    4403177.           6.00
  5014.    4403371.           0.00
  5014.    4403398.          13.00
  5014.    4403401.           7.00
  5014.    4403428.           6.00
  5014.    4403436.           9.00
  5014.    4403444.           8.00
  5014.    4403452.          10.00
  5014.    4403479.          13.00
  5014.    4403487.           5.00
  5014.    4403495.          14.00
  5014.    4403509.          12.00
  5014.    4403525.          15.00
  5014.    4403533.           7.00
  5014.    4403541.           6.00
  5014.    4404076.           0.00
  5014.    4404084.           8.00
  5014.    4404092.           3.00
  5014.    4404122.           8.00
  5014.    4404149.          15.00
  5014.    4404157.           6.00
  5014.    4404165.           5.00
  5014.    4404173.           4.00
  5014.    4404181.           6.00
  5014.    4404203.           6.00
  5014.    4404211.           5.00
  5014.    4404238.           7.00
  5014.    4404246.           4.00
  5014.    4404475.           0.00
  5014.    4404513.           0.00
  5014.    4405145.           6.00
  5014.    4405188.           5.00
  5014.    4405242.           2.00
  5014.    4405250.           2.00
  5014.    4405269.           3.00
  5014.    4405285.           2.00
  5014.    4405358.           7.00
  5014.    4405374.           5.00
  5014.    4405587.           5.00
  5014.    4405595.           6.00
  5014.    4405609.           4.00
  5014.    4405625.          10.00
  5014.    4405633.           3.00
  5014.    4405676.           8.00
  5014.    4406192.           4.00
  5014.    4406982.           0.00
  5014.    4407199.           7.00
  5014.    4407202.           8.00
  5014.    4407865.          27.00
  5014.    4408020.          16.00
  5014.    4408039.          56.00
  5014.    4408063.           8.00
  5014.    4408101.           1.00
  5014.    4408128.          16.00
  5014.    4408187.           7.00
  5014.    4409841.           0.00
  5014.    4409876.           0.00
  5014.    4410025.         102.00
  5014.    4410106.          30.00
  5014.    4410114.          50.00
  5014.    4410130.          12.00
  5014.    4410858.           3.00
  5014.    4411218.           2.00
  5014.    4411447.           1.00
  5014.    4411757.        1630.00
  5014.    4411765.          76.00
  5014.    4411935.           0.00
  5014.    4411994.           5.00
  5014.    4415701.          19.00
  5014.    4415760.          36.00
  5014.    4415787.           9.00
  5014.    4415841.          16.00
  5014.    4415868.           4.00
  5014.    4415884.          33.00
  5014.    4415981.          22.00
  5014.    4416023.          38.00
  5014.    4416163.          26.00
  5014.    4416198.          36.00
  5014.    4416201.          10.00
  5014.    4416244.          34.00
  5014.    4416333.          13.00
  5014.    4416899.           0.00
  5014.    4417615.          10.00
  5014.    4417658.           0.00
  5014.    4417801.          43.00
  5014.    4418050.          11.00
  5014.    4418077.          10.00
  5014.    4418204.          10.00
  5014.    4418271.          15.00
  5014.    4418298.          26.00
  5014.    4418417.          16.00
  5014.    4420225.           8.00
  5014.    4420284.          41.00
  5014.    4420586.           0.00
  5014.    4420608.           0.00
  5014.    4420624.           0.00
  5014.    4420632.           0.00
  5014.    4420659.           0.00
  5014.    4420683.           0.00
  5014.    4420845.          24.00
  5014.    4420853.          24.00
  5014.    4421183.           8.00
  5014.    4421868.           4.00
  5014.    4421906.          27.00
  5014.    4421930.          18.00
  5014.    4421957.          18.00
  5014.    4422058.          15.00
  5014.    4422147.          47.00
  5014.    4422481.           4.00
  5014.    4422503.           3.00
  5014.    4422643.           0.00
  5014.    4422724.           0.00
  5014.    4423054.          24.00
  5014.    4423097.          12.00
  5014.    4423100.          11.00
  5014.    4424190.           3.00
  5014.    4424220.           0.00
  5014.    4424697.           0.00
  5014.    4424743.           0.00
  5014.    4425871.           8.00
  5014.    4425898.          33.00
  5014.    4425979.          20.00
  5014.    4426266.           0.00
  5014.    4426282.           0.00
  5014.    4426304.          75.00
  5014.    4426320.          47.00
  5014.    4426339.           0.00
  5014.    4426347.          63.00
  5014.    4426819.           0.00
  5014.    4426908.           0.00
  5014.    4427505.          17.00
  5014.    4427513.          19.00
  5014.    4427556.          20.00
  5014.    4427564.          17.00
  5014.    4427572.          13.00
  5014.    4427580.           0.00
  5014.    4427599.           0.00
  5014.    4427602.           0.00
  5014.    4427610.           8.00
  5014.    4427637.           8.00
  5014.    4427645.          11.00
  5014.    4427688.          12.00
  5014.    4427696.           6.00
  5014.    4427726.           7.00
  5014.    4427750.          10.00
  5014.    4427777.           8.00
  5014.    4427807.           9.00
  5014.    4427815.           7.00
  5014.    4427823.          12.00
  5014.    4427831.           6.00
  5014.    4427858.           9.00
  5014.    4427866.           9.00
  5014.    4427874.           7.00
  5014.    4427882.           5.00
  5014.    4427890.           5.00
  5014.    4427904.           3.00
  5014.    4428234.          25.00
  5014.    4428242.          21.00
  5014.    4429508.           8.00
  5014.    4429540.           6.00
  5014.    4429745.           8.00
  5014.    4429842.           6.00
  5014.    4429869.           9.00
  5014.    4429931.          31.00
  5014.    4430026.          28.00
  5014.    4430050.          14.00
  5014.    4430484.          81.00
  5014.    4430565.         104.00
  5014.    4430662.          38.00
  5014.    4431294.           9.00
  5014.    4431308.          29.00
  5014.    4433238.          15.00
  5014.    4433262.           1.00
  5014.    4433483.          12.00
  5014.    4433491.          10.00
  5014.    4433572.           5.00
  5014.    4433580.          27.00
  5014.    4433653.          20.00
  5014.    4436091.         155.00
  5014.    4436113.           9.00
  5014.    4436199.           0.00
  5014.    4436245.           0.00
  5014.    4436393.          10.00
  5014.    4436431.           3.00
  5014.    4436458.           6.00
  5014.    4437136.          40.00
  5014.    4437233.          43.00
  5014.    4437470.           5.00
  5014.    4437489.          -5.00
  5014.    4437497.           0.00
  5014.    4440544.           0.00
  5014.    4441575.          29.00
  5014.    4441648.           0.00
  5014.    4441656.          26.00
  5014.    4441788.           0.00
  5014.    4442636.          20.00
  5014.    4444558.          27.00
  5014.    4445651.           9.00
  5014.    4445724.           8.00
  5014.    4446518.           0.00
  5014.    4446623.           0.00
  5014.    4446712.           0.00
  5014.    4446747.           0.00
  5014.    4446828.           0.00
  5014.    4446836.           0.00
  5014.    4446844.           0.00
  5014.    4446917.          12.00
  5014.    4446984.          16.00
  5014.    4447034.          11.00
  5014.    4447387.          35.00
  5014.    4447395.          36.00
  5014.    4447549.           8.00
  5014.    4447557.           6.00
  5014.    4447565.         273.00
  5014.    4447573.          67.00
  5014.    4447603.           7.00
  5014.    4447611.           6.00
  5014.    4447832.          13.00
  5014.    4447840.          12.00
  5014.    4447913.           1.00
  5014.    4448219.           5.00
  5014.    4448235.           7.00
  5014.    4448243.          15.00
  5014.    4448251.           7.00
  5014.    4448278.          15.00
  5014.    4448286.           7.00
  5014.    4448308.           1.00
  5014.    4448367.           7.00
  5014.    4448375.           3.00
  5014.    4448391.          45.00
  5014.    4448790.           0.00
  5014.    4448804.           0.00
  5014.    4448820.           0.00
  5014.    4449312.          50.00
  5014.    4449401.          42.00
  5014.    4449428.          59.00
  5014.    4449436.          20.00
  5014.    4449452.          14.00
  5014.    4449479.          28.00
  5014.    4451686.          26.00
  5014.    4451724.           0.00
  5014.    4451783.           0.00
  5014.    4451791.           0.00
  5014.    4451805.          18.00
  5014.    4451864.           0.00
  5014.    4451872.           0.00
  5014.    4451937.           0.00
  5014.    4451945.           0.00
  5014.    4452011.           0.00
  5014.    4452038.           0.00
  5014.    4452089.           0.00
  5014.    4452143.          22.00
  5014.    4452690.          10.00
  5014.    4452704.           7.00
  5014.    4452747.          12.00
  5014.    4453352.           6.00
  5014.    4453581.          26.00
  5014.    4453603.          24.00
  5014.    4455681.         139.00
  5014.    4455819.           9.00
  5014.    4455827.           8.00
  5014.    4455835.           4.00
  5014.    4455851.           0.00
  5014.    4455878.           1.00
  5014.    4456459.           0.00
  5014.    4457706.          60.00
  5014.    4457714.          42.00
  5014.    4457765.          19.00
  5014.    4458133.          21.00
  5014.    4458419.          19.00
  5014.    4460030.           0.00
  5014.    4460065.           0.00
  5014.    4460464.          10.00
  5014.    4460960.         160.00
  5014.    4460979.          68.00
  5014.    4462297.           4.00
  5014.    4462300.           7.00
  5014.    4462319.          12.00
  5014.    4462386.           0.00
  5014.    4462394.           1.00
  5014.    4462513.          27.00
  5014.    4462564.           0.00
  5014.    4462629.          27.00
  5014.    4462718.          26.00
  5014.    4462742.          32.00
  5014.    4463161.          10.00
  5014.    4463188.         139.00
  5014.    4463196.          13.00
  5014.    4463218.          12.00
  5014.    4463226.          27.00
  5014.    4463242.          74.00
  5014.    4465229.          16.00
  5014.    4468147.          20.00
  5014.    4468287.           0.00
  5014.    4468295.           8.00
  5014.    4468317.          12.00
  5014.    4468325.           5.00
  5014.    4468333.           0.00
  5014.    4468546.          27.00
  5014.    4468554.           0.00
  5014.    4469194.           0.00
  5014.    4469488.          13.00
  5014.    4471601.           9.00
  5014.    4471644.          12.00
  5014.    4471687.           0.00
  5014.    4471725.           0.00
  5014.    4471733.           5.00
  5014.    4471776.           4.00
  5014.    4471784.           5.00
  5014.    4471792.           6.00
  5014.    4471806.          10.00
  5014.    4471849.          29.00
  5014.    4471873.           4.00
  5014.    4471881.          12.00
  5014.    4472071.           4.00
  5014.    4472098.           2.00
  5014.    4472128.           0.00
  5014.    4472357.          15.00
  5014.    4472365.           0.00
  5014.    4472438.           7.00
  5014.    4472489.          32.00
  5014.    4472500.           0.00
  5014.    4472667.           5.00
  5014.    4472675.           3.00
  5014.    4472683.           0.00
  5014.    4472713.           0.00
  5014.    4472721.           0.00
  5014.    4472748.           0.00
  5014.    4472764.           0.00
  5014.    4473000.         182.00
  5014.    4473248.         116.00
  5014.    4473345.          56.00
  5014.    4473728.          57.00
  5014.    4473736.         112.00
  5014.    4474260.          13.00
  5014.    4474597.          35.00
  5014.    4475097.           0.00
  5014.    4475100.           0.00
  5014.    4475240.           2.00
  5014.    4475313.          86.00
  5014.    4475321.           4.00
  5014.    4475348.           6.00
  5014.    4475356.           6.00
  5014.    4475526.           4.00
  5014.    4475712.           4.00
  5014.    4475860.          18.00
  5014.    4475933.           9.00
  5014.    4475941.          21.00
  5014.    4479599.          99.00
  5014.    4479718.         142.00
  5014.    4479750.          34.00
  5014.    4480171.           0.00
  5014.    4480406.           0.00
  5014.    4481798.           0.00
  5014.    4482468.           0.00
  5014.    4482484.           0.00
  5014.    4482492.           0.00
  5014.    4482506.           0.00
  5014.    4482514.           0.00
  5014.    4482522.           0.00
  5014.    4482603.         120.00
  5014.    4482638.          30.00
  5014.    4482921.           7.00
  5014.    4483022.          17.00
  5014.    4483057.          22.00
  5014.    4483146.           4.00
  5014.    4483855.           3.00
  5014.    4483863.          13.00
  5014.    4484150.          11.00
  5014.    4485467.           1.00
  5014.    4485483.           0.00
  5014.    4485564.           3.00
  5014.    4485572.           0.00
  5014.    4485580.           0.00
  5014.    4485599.           0.00
  5014.    4486129.           0.00
  5014.    4486269.          33.00
  5014.    4486277.           0.00
  5014.    4486315.          13.00
  5014.    4486323.          13.00
  5014.    4486455.           0.00
  5014.    4487095.           0.00
  5014.    4487176.           0.00
  5014.    4487583.          16.00
  5014.    4487613.          14.00
  5014.    4487664.           0.00
  5014.    4487672.           0.00
  5014.    4488075.           0.00
  5014.    4488105.           9.00
  5014.    4488148.           5.00
  5014.    4488156.           7.00
  5014.    4488164.           9.00
  5014.    4488199.           8.00
  5014.    4488288.          15.00
  5014.    4488334.          10.00

  1095 record(s) selected.


